Calculation: Win Percentage = Wins / (Wins + Losses) and Net Points = For Points - Against Points

2019:
East
Win Percentage: [0.75, 0.625, 0.438, 0.312, 0.562, 0.5, 0.25, 0.188]
Net Points: [195, 55, -83, -188, 31, 113, -110, -169]

North
Win Percentage: [0.875, 0.5, 0.375, 0.125, 0.812, 0.625, 0.5, 0.2]
Net Points: [249, -14, -58, -141, 63, 104, -18, -82]

South
Win Percentage: [0.625, 0.562, 0.438, 0.375, 0.812, 0.438, 0.438, 0.312]
Net Points: [-7, 71, -12, -97, 117, 9, -18, -130]

West
Win Percentage: [0.75, 0.438, 0.438, 0.312, 0.812, 0.688, 0.562, 0.333]
Net Points: [143, -34, -106, -8, 169, 7, 30, -81]

2020:
East
Win Percentage: [0.812, 0.625, 0.438, 0.125, 0.438, 0.375, 0.375, 0.267]
Net Points: [126, 66, -27, -214, 6, -77, -78, -84]

North
Win Percentage: [0.75, 0.688, 0.688, 0.267, 0.812, 0.5, 0.438, 0.312]
Net Points: [104, 165, -11, -113, 140, 2, -45, -142]

South
Win Percentage: [0.688, 0.688, 0.25, 0.062, 0.75, 0.688, 0.312, 0.25]
Net Points: [89, 52, -80, -186, 145, 137, -52, -18]

West
Win Percentage: [0.875, 0.5, 0.438, 0.312, 0.75, 0.625, 0.5, 0.375]
Net Points: [111, -44, -42, -123, 88, 76, 43, -14]

2021:
East
Win Percentage: [0.647, 0.588, 0.529, 0.235, 0.706, 0.529, 0.412, 0.235]
Net Points: [194, 159, -32, -194, 172, 59, -99, -158]

North
Win Percentage: [0.588, 0.562, 0.471, 0.471, 0.765, 0.471, 0.353, 0.188]
Net Points: [84, -55, -22, -5, 79, -1, -96, -142]

South
Win Percentage: [0.706, 0.529, 0.235, 0.176, 0.765, 0.529, 0.412, 0.294]
Net Points: [65, 86, -172, -204, 158, 29, -146, -100]

West
Win Percentage: [0.706, 0.588, 0.529, 0.412, 0.706, 0.647, 0.588, 0.412]
Net Points: [116, -65, 15, 13, 88, 83, 62, 29]

2022:
East
Win Percentage: [0.812, 0.529, 0.471, 0.412, 0.824, 0.706, 0.562, 0.5]
Net Points: [169, -2, 17, -20, 133, 125, -6, -22]

North
Win Percentage: [0.75, 0.588, 0.529, 0.412, 0.765, 0.529, 0.471, 0.176]
Net Points: [96, 35, -38, -20, -3, 26, -1, -137]

South
Win Percentage: [0.529, 0.412, 0.25, 0.188, 0.471, 0.412, 0.412, 0.412]
Net Points: [54, -61, -138, -131, -45, -15, -27, -21]

West
Win Percentage: [0.824, 0.588, 0.353, 0.294, 0.765, 0.529, 0.294, 0.235]
Net Points: [127, 7, -23, -72, 173, 6, -77, -109]

