Calculation: Goal Difference = Goals For - Goals Against

Premier League Data:
Goal Difference: [51, 29, 26, 22, 18, 15, 23, 16, 8, -1, 9, -16, -16, -25, -21, -6, -22, -26, -41, -43]
Position: [1, 2, 3, 4, 5, 6, 7, 8, 9, 10, 11, 12, 13, 14, 15, 16, 17, 18, 19, 20]

Bundesliga Data:
Goal Difference: [55, 28, 29, 24, 16, 14, 7, 8, 1, 0, -2, -17, -18, -11, -26, -26, -21, -61]
Position: [1, 2, 3, 4, 5, 6, 7, 8, 9, 10, 11, 12, 13, 14, 15, 16, 17, 18]

LaLiga Data:
Goal Difference: [42, 39, 47, 20, 21, 0, 16, -2, -18, 4, -11, -22, -3, -11, -15, -21, -21, -19, -23, -23]
Position: [1, 2, 3, 4, 5, 6, 7, 8, 9, 10, 11, 12, 13, 14, 15, 16, 17, 18, 19, 20]

Serie A Data:
Goal Difference: [54, 45, 31, 45, 36, 8, 10, 6, -2, -2, -11, -11, -12, -16, -20, -16, -19, -35, -47, -44]
Position: [1, 2, 3, 4, 5, 6, 7, 8, 9, 10, 11, 12, 13, 14, 15, 16, 17, 18, 19, 20]

Ligue 1 Data:
Goal Difference: [41, 58, 34, 38, 7, 12, 1, -2, -3, -4, -12, -14, -18, -8, -9, -18, -16, -8, -31, -48]
Position: [1, 2, 3, 4, 5, 6, 7, 8, 9, 10, 11, 12, 13, 14, 15, 16, 17, 18, 19, 20]

Eredivisie Data:
Goal Difference: [79, 39, 34, 14, 28, 11, 3, 1, -11, -2, -8, -6, -9, -28, -22, -28, -48, -47]
Position: [1, 2, 3, 4, 5, 6, 7, 8, 9, 10, 11, 12, 13, 14, 15, 16, 17, 18]
